274.46
282.472
290.144
297.952
305.984
314.428
322.096
330.296
338.02
346.012
353.636
361.216
369.104
376.88
384.748
393.228
401.26
409.524
417.668
425.932
434.212
442.532
450.18
458.304
466.116
473.96
482.376
490.392
498.292
506.396
514.68
523.108
531.476
539.84
548.012
556.268
564.348
572.236
580.088
587.788
596.112
604.024
611.984
620.46
628.084
635.796
644.252
652.488
661.8
669.812
677.484
685.292
693.324
701.768
709.436
717.636
725.36
733.352
740.976
748.556
756.444
764.22
772.088
780.568
788.6
796.864
805.008
813.272
821.552
829.872
837.52
845.644
853.456
861.3
869.716
877.732
885.632
893.736
902.02
910.448
918.816
927.18
935.352
943.608
951.688
959.576
967.428
975.128
983.452
991.364
999.324
1007.8
1015.424
1023.136
1031.592
1039.828
1049.14
1057.152
1064.824
1072.632
1080.664
1089.108
1096.776
1104.976
1112.7
1120.692
1128.316
1135.896
1143.784
1151.56
1159.428
1167.908
1175.94
1184.204
1192.348
1200.612
1208.892
1217.212
1224.86
1232.984
1240.796
1248.64
1257.056
1265.072
1272.972
1281.076
1289.36
1297.788
1306.156
1314.52
1322.692
1330.948
1339.028
1346.916
1354.768
1362.468
1370.792
1378.704
1386.664
1395.14
1402.764
1410.476
1418.932
1427.168
1436.48
1444.492
1452.164
1459.972
1468.004
1476.448
1484.116
1492.316
1500.04
1508.032
1515.656
1523.236
1531.124
1538.9
1546.768
1555.248
1563.28
1571.544
1579.688
1587.952
1596.232
1604.552
1612.2
1620.324
1628.136
1635.98
1644.396
1652.412
1660.312
1668.416
1676.7
1685.128
1693.496
1701.86
1710.032
1718.288
1726.368
1734.256
1742.108
1749.808
1758.132
1766.044
1774.004
1782.48
1790.104
1797.816
1806.272
1814.508
1823.82
1831.832
1839.504
1847.312
1855.344
1863.788
1871.456
1879.656
1887.38
1895.372
1902.996
1910.576
1918.464
1926.24
1934.108
1942.588
1950.62
1958.884
1967.028
1975.292
1983.572
1991.892
1999.54
2007.664
2015.476
2023.32
2031.736
2039.752
2047.652
2055.756
2064.04
2072.468
2080.836
2089.2
2097.372
2105.628
2113.708
2121.596
2129.448
2137.148
2145.472
2153.384
2161.344
2169.82
2177.444
2185.156
2193.612
2201.848
2211.16
2219.172
2226.844
2234.652
2242.684
2251.128
2258.796
2266.996
2274.72
2282.712
2290.336
2297.916
2305.804
2313.58
2321.448
2329.928
2337.96
2346.224
2354.368
2362.632
2370.912
2379.232
2386.88
2395.004
2402.816
2410.66
2419.076
2427.092
2434.992
2443.096
2451.38
2459.808
2468.176
2476.54
2484.712
2492.968
2501.048
2508.936
2516.788
2524.488
2532.812
2540.724
2548.684
2557.16
2564.784
2572.496
2580.952
2589.188
